409582
613687
247915
801659
698379
886438
980668
085412
501562
620344
106563
224614
802370
418686
941776
677038
151764
682229
888267
540097
957227
112439
927188
086568
877612
145055
314284
511744
670357
894780
026306
313439
305541
645704
046635
446872
844005
529151
569947
147935
291296
802216
344337
350267
949413
316125
030941
337232
500545
169995
456997
085726
348523
952583
678901
308778
429019
869598
077108
341029
658915
521046
805753
277020
428718
016084
248952
175243
142470
025775
039219
318813
329731
631415
349318
274407
507302
196505
655848
030395
847322
993102
758223
287820
017594
573380
111791
716278
241013
775083
161891
099606
933486
709735
728776
849746
022238
559639
429957
244971
905494
936672
146165
027597
407865
925823
672087
668660
592745
410709
728945
445792
640046
648759
105452
380085
664149
633877
158304
814921
288572
549264
061826
218417
815425
962572
855655
600184
122582
332192
935123
957449
148475
174155
036523
942639
731603
523462
229891
143741
897726
712176
861337
735008
039027
104254
247047
047938
726425
978293
112958
997435
550823
758310
906527
545033
141707
130516
324834
357803
482094
484112
916096
108872
060184
552774
427386
392629
425359
055845
529373
432454
687400
002610
157013
926496
959601
753918
178584
739639
258715
125546
286188
232393
855959
059099
228084
863072
009108
993541
880760
811815
710969
925920
278819
458854
393753
968172
675091
268844
119264
332305
934746
683679
533605
414243
727496
224854
104270
921740
557622
012708
782501
205078
821298
955823
943923
045765
258216
952193
604941
415032
082787
587969
561004
377666
255363
958149
428220
080883
541655
438350
259595
397136
091909
713142
398344
263802
094194
791479
018088
481499
820685
773769
529611
463669
994317
569808
861822
411999
822087
284878
755419
653354
145755
131481
275875
988239
391161
645730
842452
080403
751740
174677
701234
511315
744999
960492
549647
496683
549592
661860
849944
631471
558389
762940
823688
638851
907662
481658
690888
764481
017203
362282
864029
702471
894824
670109
155789
938165
885900
302903
063253
448553
087334
660132
453825
410530
311283
211234
164240
322391
237545
125079
934192
953561
568476
356327
214622
670828
216968
893469
857803
693019
066595
424976
359057
452686
500744
527367
161253
430135
174098
295920
362308
012772
461891
994307
875862
290955
739883
501198
954246
247658
214889
334609
376869
523209
552503
157764
874422
186449
035580
292667
544847
232343
004191
125772
748764
604665
490520
085361
949273
972930
946708
188391
788324
658066
092894
535512
923066
216960
989421
549477
282911
518301
931823
444193
386350
577219
713534
622827
601785
988330
115993
857911
621768
300537
724396
844863
669494
121400
985198
345215
003831
601323
118894
962929
070695
677835
740846
721330
361639
529292
953364
512793
944756
663237
403742
308279
385511
435829
166220
680522
897474
115121
753001
761124
670793
794648
190917
473696
904068
707623
426336
001211
150263
186603
568373
792973
011753
925767
047127
487420
583636
533789
581726
554693
079620
311740
841539
105081
957396
467688
892736
077089
232506
584107
582816
433609
959353
584467
449176
611300
495851
397464
696236
366321
602369
759000
776601
832329
399024
027454
943140
465055
900374
066618
033261
130938
879895
176357
883732
406332
797931
839578
543677
095861
873234
394670
895083
427590
947684
142626
706176
009893
245890
476573
739679
257339
931949
653891
632245
627181
927765
461794
245955
776443
904310
671698
582492
392518
501639
116094
604183
565417
266105
141721
498775
546990
280688
334666
642103
909565
373150
136887
337148
917756
412656
921325
777033
690395
971280
074093
530766
275060
865315
969131
720490
347228
174616
335124
994134
933821
032270
534210
596717
588345
893827
458172
711166
365711
786998
937625
694646
650189
481648
295941
113466
374241
813801
865132
741638
363203
448428
297089
865666
215660
887557
010203
735946
063405
431964
537042
854015
506073
327153
911858
104747
845317
648522
476224
850071
902787
307440
222181
232326
645497
002138
817776
508172
208569
515527
873951
170546
547624
117977
422650
467805
179652
026191
459391
708808
774826
167616
709047
342217
892060
372093
623624
978752
996550
161815
112605
611909
729137
682775
163388
993332
238655
587681
008727
220928
829121
324473
351003
195914
507060
692178
159963
635194
010688
325192
068756
815091
433902
349255
227673
850763
208166
765819
424994
660263
042934
005566
902502
012793
486489
153228
850115
094439
230110
937507
149324
538500
133285
490479
914990
266389
468788
304818
114642
089409
953745
034237
299149
862229
657885
095045
201885
384564
479684
623559
633272
580137
416667
388417
903559
053025
456949
405567
971269
653665
173563
451464
107067
891575
081501
414662
786481
152187
154576
659356
615063
472772
006974
198682
447823
542032
991122
205566
176347
136341
631746
861094
674400
902095
809918
694506
118786
543256
024286
415013
865629
324376
149485
669437
069400
967531
878901
237275
047054
490765
698426
138923
619717
037256
002590
239100
149927
733126
342740
344971
574374
179812
292898
354237
845796
911783
490135
911980
346462
171473
768790
342239
113732
072335
419912
647310
935472
236032
608211
166303
652724
754589
565366
469898
199078
682862
416382
408935
695816
332215
380117
966790
276679
607590
117815
831635
177977
237897
694479
438971
727750
009895
011144
353846
062837
798878
809241
152376
419182
092533
527487
611158
987404
960879
074908
228687
316547
958282
953455
517261
135744
247212
185265
945774
789188
007141
330245
900173
261547
413312
231545
787786
155093
844546
796434
509052
513680
344972
004479
682048
240711
869758
520025
725523
527919
030853
535659
945162
022093
824142
471219
611965
630292
591099
662706
912427
746473
991686
888567
853633
486078
608433
610651
072714
027215
450310
382843
839630
311585
237464
851441
253462
418705
556528
070583
582568
840347
092177
741831
632234
740862
761279
687682
713976
055064
365278
268070
954216
885114
704843
173327
501417
031134
161956
247725
817256
483953
685643
204264
944514
743538
718620
301086
954409
024193
526133
206254
536491
415850
040044
897699
537425
315481
329278
083605
275121
432052
932556
579263
178687
691614
591825
896042
039814
799383
333481
005869
526855
837512
109618
392981
064857
979378
451895
283334
067993
641264
023322
691310
662909
805326
190433
835658
896215
074858
892920
289185
363490
587143
308667
183647
641236
111350
537263
077769
711968
057790
145844
318665
474435
267698
392080
337440
062145
419089
260871
903100
379366
142903
525813
533612
099989
838174
451582
880391
369677
177366
520462
946058
313584
458981
509353
992684
197259
935319
558150
546626
809130
141782
195531
211685
702713
321722
510093
497778
982492
050512
442735
973984
830868
152499
635079
219227
941333
593958
833068
403716
833303
115488
807944
098087
953314
295016
142018
064961
988485
929455
741990
710511
763232
613955
083358
950332
971697
450064
712379
198736
332938
714407
396459
784090
227005
766058
082500
925633
991384
530753
506810
222611
983034
453604
203182
451966
143200
469116
853464
953648
164686
819973
430649
032342
250610
782487
472049
103435
717152
550123
777105
994631
359306
411090
393800
025500
331825
103269
372367
775406
171740
316788
092502
935287
312865
165796
575045
820721
058453
324626
171810
373721
048666
769405
837463
712527
383314
406627
887517
856136
236268
476727
980508
648582
496900
020548
516751
755427
049390
250774
234779
320280
756991
206913
270688
026818
629959
947765
582981
286856
809583
104751
696272
656702
638138
805034
650395
652845
030170
541997
682438
243321
243584
217000
832183
713802
104413
056894
825338
428616
602489
026226
649277
656621
843558
456485
582011
570709
057505
082498
934226
770988
646646
541228
980170
412659
114541
995598
981496
094844
739367
893928
142040
378618
716324
168159
282829
383688
967592
741246
590919
527232
267368
884149
449580
696453
252156
630035
213910
261584
236798
666491
213556
920606
454187
498703
087973
750656
169655
453990
973022
490830
912544
502796
660504
284061
001081
699599
763639
205364
130605
245065
233028
748293
290860
573114
515744
872764
371290
287098
857141
659109
178496
140807
046815
437287
364933
492031
366570
869347
022443
564901
744399
756287
165700
976161
698637
531663
676642
742924
156869
676034
314242
429522
867650
137693
198719
848020
761860
620372
111699
892063
225924
037437
503265
001560
486061
780365
932847
729005
558402
183790
790160
850961
642952
041979
924823
128308
802843
748756
624525
322081
482794
239580
341261
901442
878662
101388
225592
230337
833420
770638
571284
148230
405879
332757
529164
326081
190858
372238
979755
620236
067679
624672
124937
001142
619673
021196
341021
538503
636092
793951
750973
183703
335114
914074
927393
208652
432582
240713
667462
860343
160612
798494
318678
401112
244033
094526
725804
637335
007777
868799
992262
576649
021433
034670
866594
870108
932635
048689
065380
555246
971198
334571
551682
260661
846085
047044
918313
495188
984499
778791
796788
987575
689380
995000
982925
805982
607162
887516
504814
843371
051252
751568
570193
069048
378431
266152
778223
390899
784667
256335
747319
624998
371950
776337
259821
377692
368318
119976
383810
958482
097781
765540
486030
500219
000446
413434
475045
096999
807967
458565
128643
502497
177046
896957
301611
483527
792783
618096
973855
367610
029551
046752
239353
471377
902125
377855
996604
233118
111115
549363
144516
390867
831063
838215
178064
740149
223645
849529
066223
787119
939168
788335
746996
861996
059267
970235
692438
664935
882927
849301
219625
557764
638045
534486
616987
934676
849418
765132
921985
822970
818588
994957
712439
735232
768816
451865
339501
982680
736560
283800
593518
997317
772793
543492
538375
281956
223327
267107
747532
449042
656798
039331
034812
798748
343135
288537
271100
465173
516287
728124
070843
164652
095126
204596
136814
408232
570695
156906
583842
113747
333891
082511
142693
212106
349591
547414
576118
072097
893894
676839
568622
646767
572894
313957
418808
130368
568639
255743
546591
775518
072277
107970
694662
325808
108142
582457
016824
891602
485981
310919
868670
557456
623243
435330
220522
328059
074124
677210
214133
338818
058400
985720
492281
633724
282923
329980
439172
334176
957577
753744
314369
250920
403702
249047
671384
976092
213265
062286
522693
682611
672090
786896
584000
229323
817196
868106
938639
732311
649810
567420
173457
780094
740578
993323
590382
009892
944421
565273
935709
050533
763796
943016
795534
113664
948709
018079
956490
425383
413902
527625
890841
179832
076115
777367
891046
980310
145073
170388
512058
283682
189247
991257
250332
551631
532094
658412
206751
866405
630186
694118
129324
042171
797936
473978
994863
684128
611099
908592
610055
921141
709430
127902
796381
328489
245433
327504
453516
896589
879717
195658
230531
791045
149078
918566
299498
472519
065954
862598
890394
724116
451821
425011
426536
442172
183656
256936
273159
992742
683817
971061
537340
296808
134959
518456
906146
842544
713689
438649
680055
313127
623780
812249
876647
760412
415304
317900
407527
670373
151254
885475
804154
901271
684547
077650
528076
991078
786109
443798
880380
061606
521421
038397
156391
197645
216822
982831
400944
917036
816912
066902
076547
670495
678909
055332
960979
171396
789770
086217
330144
474962
329229
999574
957174
670735
035336
951478
887439
525160
753133
257289
730464
652041
093339
860195
937897
808003
838303
405870
957841
841016
664990
543789
765597
050153
776451
829498
743009
954380
861901
105918
399751
962676
513175
144263
298090
735189
899156
349740
527730
717266
056514
752600
271608
005438
877571
053202
594469
620502
978351
381827
798937
759441
818752
072093
009968
729528
925255
590023
311618
971314
657333
818097
890796
890593
903557
597395
317358
531727
649631
867358
451261
356320
500334
334920
061289
624885
794345
134599
725181
157312
964415
693852
285426
798214
243783
615838
037727
433633
680091
456222
414136
373278
476686
353551
793106
783423
867144
875482
992350
226656
621509
873859
868655
725900
526959
325227
665278
032835
141745
381120
389118
568316
138346
814342
884735
187082
874256
687713
338002
329247
546648
608698
607020
831841
450365
030984
712194
282072
356098
144476
744263
964168
482498
392637
847595
192945
766775
630150
930692
788807
238372
529128
895673
823234
702662
416466
778885
797859
299244
087979
220291
627056
534702
422813
720054
311262
102130
624789
346707
203162
089488
168461
510223
089318
203547
452977
767342
752650
136221
583475
327008
750620
849365
047581
740467
352791
701446
135673
203805
517882
834172
040844
895274
718726
786642
118310
529285
102951
396532
159340
412265
862209
314437
679186
906909
604359
397055
007196
481959
771030
050406
664465
781454
615724
327181
469288
162743
138673
597531
284636
140528
748396
226628
091416
278405
931711
191063
816061
468348
667780
422840
358376
715061
288579
101908
005317
816278
048162
834222
703578
293951
088927
843097
461653
505747
679609
509643
640469
507355
524441
409369
214308
243102
887832
578507
127978
573048
236903
962231
832238
680467
890988
046645
166825
450223
107337
527673
412171
110718
413965
214505
812286
681850
921440
728770
615776
983955
559023
610928
216516
258695
761689
704697
390870
634364
349889
452729
347476
522392
497969
664343
992428
786815
584297
322027
236885
755887
792962
126755
312073
463032
347632
420931
969794
252865
202163
736333
407042
510570
259579
723365
720198
571965
723769
705288
869716
593673
472639
707654
162111
340427
253538
758230
544373
571641
558732
462072
164390
471161
880893
235060
872609
583474
911932
475232
166663
591537
008066
439483
876239
666831
418505
235751
419131
126669
782271
847141
806184
778506
023404
608127
711590
657496
228634
489015
401570
335182
354583
097134
079772
758247
562725
353560
233141
871361
631012
195953
304642
330021
360939
547521
488737
256135
815331
679797
982755
191464
086449
457011
303804
035923
773841
332180
372456
660433
659603
256387
753319
391527
999585
288487
794703
626711
846001
885392
808416
914607
125415
434168
464159
666124
332776
638737
700439
081444
591097
655562
890771
942945
457864
939727
722556
500930
121002
752890
746643
907627
931154
605142
614509
941413
529873
608291
375889
135785
608713
812046
032440
738190
258184
861259
518580
270071
295356
583525
550317
173756
907303
098775
026650
706873
370029
329620
639340
629987
000027
732514
184110
850009
834546
733100
885119
641556
204895
855953
828781
275903
394672
951499
114024
521779
203309
501431
824806
979337
420811
900010
361300
819870
565891
052797
958865
371905
301108
037950
558873
855333
899274
325082
813265
414658
292770
428779
662477
926253
943731
153242
178921
914146
119314
608307
896365
107031
960324
100685
443439
310001
491103
218664
314032
683414
210852
557094
552927
598138
777847
746993
349903
393292
939273
429751
854178
815895
194324
655243
099183
416274
815345
751665
495697
344650
778394
109095
771208
638921
791629
177459
026719
713662
024804
830934
364648
268068
035298
817255
055337
254263
480921
637188
786807
543747
835999
900284
049340
233217
087323
629098
147004
608807
586329
011702
226891
777802
783077
554554
670252
975459
911266
089385
065656
269072
415275
843733
853966
372559
942440
495115
172821
361563
730431
136933
392864
036813
479897
886604
308940
340374
277678
117366
540779
914029
752463
638238
732985
358580
031933
943450
991821
654718
583998
958222
685185
536272
869327
770537
633781
606705
916122
887788
949109
552257
783428
876082
835273
296271
369344
598984
553811
566979
117425
763025
431201
916048
616563
013519
881933
938394
601021
615186
762281
852644
138737
801381
316993
034570
984946
212407
459299
957917
356852
140638
266752
725569
522569
732785
296140
692308
118994
655556
089656
903071
930152
781505
254493
650425
321885
991119
352082
616131
680674
225926
964442
386853
459387
130987
834040
277785
912219
259996
863991
421800
010798
974585
697401
976008
444509
463279
113096
874832
918069
741619
563113
666168
026791
300655
917799
288974
006806
655272
880270
160607
780349
052372
872605
172352
855308
946116
522427
844958
574311
328342
655420
457577
401825
444164
516704
923706
168125
171289
583683
716469
663884
471724
331203
418108
084762
290960
617300
186095
554751
152162
418460
248310
768538
243029
719084
913845
233827
157200
117143
369673
111424
553501
960245
408041
345521
633805
164106
893123
455164
125638
773851
674757
832912
368993
750185
970788
650156
394070
456837
687016
478707
952313
550718
837011
027444
703362
241607
530822
118304
324618
095456
709844
478507
541770
102522
827087
814742
636629
721856
512937
157638
708446
431110
217222
838551
623040
347761
540839
858235
056660
918074
742116
910194
359910
432371
027747
065292
828067
994605
046345
254832
338909
704803
714783
137665
917613
487408
426166
678447
427601
157459
886167
569860
928788
073852
275721
296829
365236
069405
911698
885051
671743
496919
856577
914134
315039
643684
052499
831074
236184
398476
982703
297724
103331
585829
281098
236097
529965
581295
363971
622384
093173
412644
275883
076936
225986
123562
783585
357024
918712
952256
752250
567545
083215
572835
330801
318894
100906
910030
895488
953431
795391
607865
674216
201624
911225
876861
553364
579786
962288
678495
982721
047792
217653
055364
543498
839747
741778
856382
018520
038390
104954
108614
801849
719681
854222
394623
318892
732026
806999
527784
978646
017329
911350
753906
654594
891234
044185
309570
814345
291481
618915
988589
921313
201584
101906
369292
707314
050615
141476
408222
735020
762358
755996
128196
757075
269552
472023
440726
094930
977950
772557
931699
473398
144286
292731
086713
505323
026114
987297
738724
662002
484620
218691
115274
766680
403168
257452
513106
880051
571822
619998
790746
536784
493487
881244
696814
212096
693067
295339
922980
487867
643555
010565
418381
177643
113217
400753
382084
675800
581544
915084
744038
962690
634416
975137
005166
940671
359071
250104
389342
337192
792492
683553
182539
429535
989205
410326
607240
067133
361943
816335
533509
959906
786336
563007
084918
676150
256038
588920
986639
558273
206029
106839
235588
791796
068968
117802
379995
187571
627846
578543
936532
055223
599579
740294
829887
840057
726300
697520
285773
352125
274064
593669
957443
474568
291253
408820
588608
569861
289655
724036
377012
677164
105569
470388
104625
582814
004899
945222
777485
659988
210960
031014
417456
004435
806965
555405
397047
147592
660614
391319
287366
342033
345719
394694
321157
254402
440772
900939
566654
839691
189951
048785
983741
921419
121832
137258
990637
974060
991255
816620
943876
907514
360138
608939
288912
528483
527023
241655
340261
933138
667656
817984
852801
629451
042101
013290
520616
801386
293697
338888
499663
289556
535908
549269
532975
710649
729572
568621
687137
344927
209826
702301
709690
353639
102842
986365
121367
099712
942986
647374
733219
614477
489559
760614
647039
249636
224923
901845
903515
607012
096339
776916
031068
575967
857034
584383
630849
849838
506072
299167
773187
270557
818866
560060
807941
134232
934202
530061
936601
969630
960554
809637
244327
883713
190483
666948
803395
658803
207301
647209
363422
199930
075486
145283
213084
636548
311622
296606
767918
956867
219706
952870
898872
816613
668604
647835
425062
316443
442285
377251
920877
639835
836428
356281
749641
455289
234052
678024
955110
886094
780186
894326
353284
096181
558944
423522
013142
020934
655653
267664
365222
867232
791883
242892
178280
463638
716253
935837
797561
012057
866409
182557
617286
205893
073284
274744
170144
596524
929718
267933
552621
652468
628947
971446
268249
399400
663455
433145
976122
071344
694315
286086
336117
895101
332391
873815
299449
763991
406062
966818
847899
346798
655044
717411
782493
802155
856875
765146
558498
014405
389125
525300
024184
477537
425005
253806
770711
496394
587569
385661
001145
895794
003220
531641
915961
893578
111041
485792
758762
835306
075231
891808
688487
198815
736030
243242
810555
567212
142926
761048
394183
484827
943844
531548
069077
725336
789550
497779
396303
800330
602416
510195
917109
088649
851248
655224
402295
368945
214794
262982
473246
444585
284631
589643
032069
420229
084832
567740
423007
746925
547396
373211
107251
485779
688535
796287
881012
246122
875878
158815
195865
874354
633984
937771
078487
973096
800553
920340
243436
152221
796445
336701
287740
224896
504320
727870
162913
912068
768669
599452
408936
866044
848707
229030
846479
152708
740778
931939
603140
665393
574846
423627
815761
355443
130317
508751
515896
800136
053509
688561
174445
917781
688256
477708
708770
616826
899642
051060
168566
350063
589564
983838
476458
625525
722808
232945
356804
356294
833754
750268
878492
856809
039423
814577
683408
242090
247822
507279
088171
942289
135553
023334
994254
051189
068926
806775
411562
929656
210727
288439
161836
693195
951738
812014
933019
714395
640835
748546
916958
126886
223043
352312
263477
498200
418103
793580
781491
295005
401584
654248
685283
784191
099567
837798
768030
651461
893937
799489
670466
046268
920774
852975
239625
676216
976703
504124
080479
530773
864097
742273
938349
702340
501176
219728
862352
033893
284877
695093
797049
261017
730635
490736
234091
962180
860737
087280
051158
811601
082701
205282
900424
894628
790469
746520
602666
697552
954395
973667
185777
500361
618804
871122
130146
030769
088507
637824
122875
424338
221282
150837
569529
965131
679174
614865
940612
212218
471055
828111
348348
719734
733733
262214
049405
273096
492539
899109
879900
978000
752557
130810
739285
729883
545487
321759
935303
124884
335105
490785
173363
105744
494482
082743
420218
353725
665565
754704
854835
915483
677536
815165
231217
180266
355257
194066
748760
071669
510080
452700
808014
192072
184417
376585
683751
187127
334939
574619
704023
945030
235686
538818
457688
152070
665526
422061
833081
223348
377495
956303
967091
936525
079320
983495
805850
316084
685224
964376
711083
189790
280087
696306
415464
225695
025496
094372
106685
533781
243998
645948
395713
984035
989494
757616
031479
094417
771363
326285
267495
820267
782721
904404
634112
883131
690125
716439
146261
579611
585319
423812
028997
996515
210504
587727
263342
933916
636454
531572
849701
280304
884883
820294
046359
896902
606442
942263
406264
161949
378052
737881
356624
907412
466348
363522
415117
204121
083911
003022
292208
542058
283495
555697
289216
301422
687532
835135
311281
098555
581194
697616
194330
964212
218781
335581
444487
699023
180136
826698
680503
212878
444068
535790
149244
526760
645345
578528
460876
868266
089589
231877
203706
781323
975582
228929
474513
891483
295126
970260
706757
633308
201596
043722
492931
801584
857320
366251
131171
556082
358325
043998
530004
194648
773293
787093
296125
615452
920425
088826
705896
941281
128847
363586
774390
509406
235902
622419
368388
477622
748369
585111
896332
119005
441989
161145
461098
374426
532637
472169
840471
750741
507131
893955
807761
569748
526010
097040
833142
350619
424886
336161
793800
289279
339108
854219
665844
858226
649935
848914
961298
441496
465378
055021
994638
846583
597265
484461
075673
270070
759861
630282
432778
767404
424671
508181
454671
025123
648767
109035
237117
764726
427740
381908
619533
733038
110080
875074
022016
408017
086803
695723
856152
246949
775897
299074
538343
037387
541123
667574
429048
531651
746137
172445
865934
243475
668661
482222
621819
185455
039174
858652
500746
889211
260460
297430
848651
989871
898760
883080
112961
095079
180883
860517
568955
805599
788715
502436
254833
933116
107399
525200
108048
469672
087590
655673
757055
424030
777385
215205
972734
848634
344802
504204
129135
340245
027049
228648
441629
159894
171939
493021
394021
711609
349212
792185
909005
420979
492067
153749
508227
706732
883337
876996
228013
594980
394274
845889
284773
551567
784975
411652
814731
786220
997913
875827
320290
958714
317502
590273
109008
535555
529029
831752
637035
307314
381238
896516
345529
201381
731115
842487
083642
973964
714618
327411
987893
506937
738235
945302
117342
371027
431894
474265
162331
968922
270850
085909
501906
885557
630980
533362
333806
517433
529681
836290
064998
824331
497482
122587
329001
029044
498894
954675
638906
805123
266517
943300
682291
531498
724041
272175
652805
485137
997490
754706
816243
495009
203200
738411
553549
659439
312886
406760
876093
709182
666367
819811
751302
313481
176611
602111
291016
510471
936387
217708
614119
399011
526373
665486
386408
958759
946984
428512
272938
143516
821700
563970
582053
012896
832451
427954
956271
805065
655981
121036
696910
571345
171787
522176
027689
461317
777361
346770
113318
659299
750058
499230
237582
082964
106231
876969
596073
592772
046940
837137
060214
269123
158632
136239
452184
486761
417544
108191
233623
113461
855573
193644
721101
664972
807823
833367
268225
014866
050033
365731
736545
803119
853435
646468
251559
312297
820871
102315
672646
640268
653413
549509
130357
807805
834330
057476
025215
255201
121092
589689
678092
360614
127219
144788
599227
766383
823837
748085
832671
286782
485165
397500
019759
267444
668958
755717
422818
761847
832140
190719
864727
290334
038314
288829
524103
322733
169766
681387
551375
954030
396924
262452
733292
568122
575656
627796
206145
436658
217705
957458
542829
878375
366125
322881
924160
695597
760298
841771
016234
725593
365032
497272
814262
862492
229132
089590
042780
049683
197305
941462
631214
105372
185431
000696
419415
716242
578425
827838
206137
293442
890389
735326
628735
530218
073693
231936
044508
953904
045269
828743
251303
053216
261070
637720
737553
152682
781721
415721
520266
424634
275232
046776
309736
860496
731702
299841
961184
351248
005824
087715
734000
085653
272884
798079
342742
602192
439343
032998
666163
062132
524748
230178
273110
408566
155827
505037
510180
624358
428896
373402
503842
455065
671409
612973
735453
523457
763996
048832
051711
454484
638832
107744
772004
693925
474643
118461
036137
008438
948981
733312
890916
119416
727818
961154
508107
872918
546967
332575
459784
659227
287324
925866
736456
223720
871338
132954
729546
395800
284387
480617
370988
978170
859154
168914
493080
939199
300390
857569
743315
967169
507161
220344
078170
554024
623135
814218
478464
839383
685401
619409
499068
134128
074899
629545
983326
592600
855209
701633
994388
734380
368677
793667
219234
432891
569703
861465
661574
688823
304795
037063
009338
238304
425452
610826
207371
036444
707038
336062
827687
280318
523990
302661
389094
007156
154780
259103
751824
396502
956535
017829
376305
474026
393343
958424
646730
080123
676633
615777
756489
636193
163545
464276
597737
332099
401484
466080
875781
992901
662803
163101
105997
685149
431432
295709
481759
129352
648935
455151
219467
823457
904494
941437
086604
224212
738867
120035
847864
108758
625216
210914
666439
506546
235139
136945
596487
144668
503001
603102
622487
190171
533330
366668
020389
365637
223897
658477
305049
923359
718284
817837
988154
436905
942623
619641
244235
892085
789978
062845
977141
796577
741011
627545
598853
434421
334837
200752
536005
319988
666756
861975
244177
428182
986035
788072
436481
761666
407721
140720
205366
843143
889685
919410
588769
600555
169475
790788
939762
781722
026433
426622
173851
154069
861730
676684
741002
412155
691596
310282
804187
537590
025330
338589
731848
781875
010791
818839
719407
356781
752148
124854
226721
889740
201956
983073
718551
931937
803997
894781
719246
155143
550532
535992
546636
178898
499965
636946
654334
971635
825237
106355
004368
825653
299236
485811
912412
817240
686994
957184
892575
554429
114846
195022
632885
278643
818401
863895
849929
270827
350273
217118
301838
248551
551891
279099
180920
544166
754476
777332
078226
499117
771590
586593
982068
756685
057117
617942
075053
669181
376851
568557
565257
324821
679318
482341
285841
167336
849760
876038
153994
887344
081853
513698
448897
062242
911125
936065
560827
270832
883019
802788
277520
891543
342151
714439
052868
110100
671378
304241
261841
091498
780267
364482
578743
807606
040941
369024
515310
065885
206276
629145
895715
337119
913131
516923
418615
375918
438620
916215
017586
413248
866474
292226
198860
296082
465204
946235
290359
264545
057801
135756
430229
062326
820340
101882
727907
616186
018387
514865
549259
024343
041066
414304
386652
819517
496748
315595
512740
228127
897235
608577
616483
648102
452010
834918
657643
379782
044523
411659
316190
294534
545504
559258
291884
708191
800215
580777
364897
081470
999903
230616
727762
859448
763291
417166
616452
147354
977976
730118
015179
218288
234337
032729
179252
906299
623694
322817
275720
765885
033833
418899
948913
755934
746061
606188
225296
413424
705893
380599
178396
179759
210853
318814
783664
006961
262890
672607
485438
620006
466271
811234
384257
061820
596233
492667
587968
189181
439913
914542
009464
895004
808630
168581
088769
580482
566418
915844
157602
353721
301744
870860
728487
285989
624018
780274
272624
691049
567251
472016
799778
233120
447451
556683
536167
167870
583335
718127
398234
483152
565424
775198
959408
618832
819858
261221
870509
927275
629192
803330
181181
486615
305876
785487
601265
789763
045532
752746
442468
316496
608916
457771
899017
475641
251606
205300
586656
244702
431337
986692
378351
922225
573899
956707
865471
933075
390385
323783
179162
918235
630999
513976
850123
049788
472999
400530
591048
272934
053928
437135
563613
359919
490806
416885
165992
465860
916119
969266
123578
985667
786568
851981
483149
160981
078972
342856
890550
727610
647967
491137
318688
419337
591084
230402
974347
592523
950991
147095
164892
778477
845427
102187
339582
073262
248030
129299
876589
920072
622132
066063
159866
708850
584696
314193
777504
471938
732935
814862
996844
117758
313974
201580
373153
367944
082264
817250
724475
442525
075315
050374
359669
675056
931626
961151
455157
187345
430540
561774
164449
183074
773968
920515
666926
120617
462950
152265
534591
153875
167421
236518
859844
682071
404058
498008
141891
179199
147447
500601
713300
919610
400621
522533
242283
353120
854293
497236
652738
754891
012316
841049
179389
271391
012079
576384
416905
109698
359976
677947
281993
103704
309200
714721
412636
468311
434062
216825
775215
307537
628988
222051
306032
040759
646601
240382
373098
169360
217259
883450
294275
105768
770908
746794
780282
247093
067191
216694
845893
164871
253283
550199
329512
394820
137743
647566
417564
514831
425286
040951
969676
550530
612044
833133
583898
971682
262045
495155
688910
045605
458296
618482
083138
805822
307493
659746
361532
987433
821532
992775
068150
595119
001993
534690
301220
708469
284869
613057
751895
091882
446298
601620
844810
214950
564713
331756
661645
689396
896913
193709
849049
759760
382018
723864
277718
197094
558255
224895
209240
182235
733179
100442
663617
774935
593705
264405
428500
836951
131165
042322
493258
972679
195697
191540
898704
428989
660486
044729
271252
575541
586341
897081
195593
573842
381842
684800
739993
642844
360203
833653
160233
799872
802509
861725
958989
191243
393744
799952
248159
222182
754145
509609
778129
098871
854612
970873
814650
064858
981742
814620
033974
722095
493363
988042
517778
463228
257824
674775
581878
493896
575012
344486
195585
717824
870729
042443
705537
296861
835531
536114
228645
640414
985075
120031
945873
926377
830028
320683
098594
928416
165412
053006
071461
315713
342859
322645
471315
598160
170389
059847
162023
161717
971526
839586
295859
531819
749637
686317
478969
522702
926677
782230
426281
714686
924680
852198
971810
725332
921783
315242
961657
675412
028653
421639
660786
708009
499545
322901
033449
527221
591191
865685
962459
705427
283657
959598
776430
547486
246928
020366
250315
997628
854865
190539
848961
893215
489639
506274
209543
524140
310273
582439
107499
912889
966163
492197
474854
605868
166236
658555
791449
193991
419739
420913
530738
000941
473798
068046
223175
111294
139591
829751
053265
734016
728626
788318
238178
259559
886977
226356
049048
233613
027609
823841
005749
954865
756831
663412
487800
235495
714443
183731
921571
953504
233850
232383
272509
009997
375831
172904
863213
674505
466496
218936
991556
710361
357209
228189
643723
310026
632125
753316
510623
399355
049092
412755
698958
513610
525506
812757
319404
099208
432729
001865
688500
477003
998247
800618
833584
350777
383140
268048
305295
967476
967690
702630
230509
436787
122655
767984
676560
490237
952693
101328
656039
651225
935770
017258
900547
123750
678816
522656
144182
408539
652350
897430
146772
925476
507630
505098
955339
566425
429371
986178
799123
202255
469412
519104
589604
873236
395746
856075
427512
190923
931311
064546
251425
341407
212841
383412
199530
518078
707432
438745
675164
933115
421733
127159
245872
811530
293677
884390
740985
836783
467756
065202
670709
648953
427487
515139
808611
685250
257574
507147
246433
683526
198147
407995
448832
165089
454350
750519
215460
625465
525107
838221
709003
451819
576611
794346
200044
931694
861450
152955
746874
301587
273575
961963
537879
943947
941643
887238
509526
916395
676532
385610
314025
818440
201556
393527
558438
285874
354883
430879
489129
651178
532172
879516
253356
903464
481924
460661
578909
606984
665708
383691
861767
274227
819022
335774
909684
143077
049325
014198
263830
348398
166205
897200
224023
044289
240056
758568
088360
242110
179173
065543
710211
081789
257782
671196
663021
959148
809753
392660
300988
401726
379342
793218
956632
423658
450953
960249
239612
781678
234213
419528
728990
702521
487183
564111
018646
243200
810146
542679
909134
814311
204223
671167
998437
648227
613203
631297
355482
930534
366199
821779
405513
877267
735344
271234
926471
676004
481588
089663
180948
565506
213226
918092
363365
612392
287776
307123
420026
471021
106487
980362
394325
404815
152544
799685
603714
948264
199424
572828
256089
710800
112280
682553
935474
574957
376232
381211
515706
118621
523396
764778
247595
149301
068302
500051
005299
154340
311218
322156
650608
199815
036902
489779
959326
997213
039604
452573
490309
575560
879515
442247
555186
426769
268751
738277
574496
138921
773622
692502
475387
986034
562860
215257
446030
057765
773044
363625
090810
997212
972217
151783
008383
671805
826318
876626
790832
525679
836069
048013
916022
034802
057703
576422
325337
691933
559963
854955
316319
446035
999966
663513
469919
140684
729133
703279
777749
542985
866855
589949
252442
276438
131521
502357
063531
190422
171904
727914
841037
990267
343342
138318
197063
189487
655937
522930
022327
929908
924932
337108
868395
351551
643304
105255
583336
903674
528765
420779
949804
679780
126150
052922
899711
574767
161819
857992
741777
836109
367093
754477
154299
300595
221423
416446
797804
484184
785018
961285
112035
973259
367910
794021
000864
023210
849432
979113
023053
502055
573338
539269
524868
239233
400749
617835
900258
980518
032957
796300
386970
046712
951588
408518
799699
453648
557380
833172
836689
403663
160544
767545
744957
281994
234945
751813
887364
432165
759940
227443
868112
606357
931000
437365
152642
204214
792289
414134
960074
771786
612977
271636
450873
673100
566049
713431
810633
206122
162515
811990
001884
772491
557834
411321
851589
532721
937387
385114
847139
633446
224130
545650
367895
358895
028103
927118
899526
354527
426918
350346
075754
284335
289549
273850
191405
737219
163574
800202
571145
385996
520504
175214
087728
147496
211146
018274
241636
543134
105863
396974
125931
740605
502358
695151
466939
052567
403580
991600
685374
326944
047726
475230
923834
443902
976731
860911
692211
440089
725655
084159
553161
099334
467071
481764
119949
890682
851542
136540
436920
182721
020540
903276
144979
694327
040179
836333
881802
074670
951654
759947
197062
898221
164585
912021
745839
518120
584720
756641
681098
587319
513349
030572
371299
556884
926644
806835
902264
891033
449755
974280
388440
781761
366821
770557
287114
510358
417931
729494
878494
969255
234232
057446
438030
331400
396454
868447
869346
135079
381087
970546
455806
735744
192555
562171
182168
056124
371563
047301
875886
409285
511620
817371
869939
654094
893933
003331
328302
576851
024898
312862
196073
375473
364666
313725
431509
755565
079584
805476
974542
025879
585901
067751
738944
980102
913155
611661
661178
567076
233197
872865
333675
520731
940470
866174
224594
482651
837483
936603
393546
691282
227820
723905
134020
068052
623023
660014
586520
325043
922759
920207
659057
941727
527393
283158
083999
820691
200805
580009
644419
479604
989735
435463
845596
682132
901358
184328
061788
292634
217643
150467
927699
178034
725639
870260
846977
433571
648559
728926
248639
364285
695217
482926
139499
208960
324353
941334
192387
727800
410754
804422
511531
457193
776147
256893
660797
123136
181044
399026
987135
444479
056494
937161
909610
316981
586847
242298
879436
548265
133359
457466
872975
640762
206290
148706
745981
682708
732143
838920
513980
870115
691136
567798
461442
798365
456021
833253
011651
856297
265664
999152
454566
428218
720476
754357
154447
001670
685260
430645
434641
866478
941747
054324
946089
735296
923151
437827
747287
556410
438314
122996
016986
578450
663494
169447
091979
347137
339218
638745
493628
162152
702526
445389
828381
401695
122702
190449
298168
692323
191823
292933
557564
681080
664417
467318
212912
880317
884585
157804
852687
061006
168259
193497
892550
728791
979553
428024
621707
845912
906365
857232
009165
027422
197233
591515
602945
463042
847319
787487
588498
741129
485904
057413
716959
261536
112230
520734
487782
948549
132996
670537
585316
874829
393463
861616
776863
916716
662471
450737
867523
639722
732504
241142
386312
070654
151038
856510
606379
257031
962370
776395
232395
975927
502687
413454
372006
860237
113647
481373
269524
524327
365683
637852
478081
343017
492039
072779
682479
420388
758962
486429
752066
746523
529077
944844
197427
028665
405843
015902
364270
254465
045144
478123
989265
933708
194539
854996
257937
618816
568790
635348
522490
973693
434959
897951
387283
177135
472275
948868
530739
283220
710954
010663
161016
932743
905361
873016
685716
333370
970031
670896
597158
474537
997430
039535
000658
036579
001811
862745
413136
183709
926828
171022
176865
288940
090035
736644
117263
805511
746517
640813
269872
242106
324679
128088
305841
906731
141203
365018
537781
194201
622241
085213
513015
417919
294379
020887
526657
427231
138164
190156
393188
185260
535211
218667
170276
719553
211797
176256
225828
259911
073267
921333
112494
399817
491213
817910
963705
726229
887972
786964
352685
453105
239392
101099
755468
104071
722673
376201
761078
185523
440865
340375
848973
186602
770077
032841
666042
142971
008251
156943
591666
329552
797345
515060
334415
309631
655466
418065
314553
959893
341140
664550
310491
607391
616894
241196
079134
868976
833795
772318
599793
858299
007235
585726
615320
560420
986982
396278
239538
620980
303936
112491
790166
543993
746325
480246
927240
170891
617387
405074
947870
667751
756299
701588
551030
763975
692827
474877
588236
746822
009897
790635
754247
069387
492733
189170
493901
639708
694736
452837
106735
832392
458224
969356
067091
850451
678287
178790
568142
397071
008448
728678
524056
507779
763181
522171
067429
697239
795325
455951
435689
318455
904467
546444
485919
149567
318581
547654
327680
543676
377015
988997
380824
479977
740817
645465
391842
264940
150668
191053
906002
735973
299430
844540
800170
734620
722215
390089
460291
519817
080291
728430
081235
067599
996715
760638
804428
744755
227647
870058
381955
925063
420948
273434
298928
281165
333154
795394
889472
628811
655326
540700
622266
148924
721980
811177
204166
532081
869956
494826
067235
350230
400851
238538
110927
310982
029834
221802
520565
207527
510203
354205
731066
156445
546688
578852
042767
901879
136753
613904
576564
819628
674846
434487
520562
827129
572932
854557
917155
840292
648398
152661
288776
060953
713396
312653
464238
252526
096522
361971
385747
675640
663356
495369
001906
532398
415384
707278
324937
473231
460866
456310
317380
118521
304693
262498
581365
621369
837057
993878
247441
998656
522905
939836
259371
392361
086060
279374
836151
291725
814160
271237
503100
314371
019297
999338
137406
720471
567209
100568
290262
046481
068983
990308
806628
086505
880388
909307
824795
256338
136726
595263
839097
469280
796108
743719
658465
579056
900974
197463
622519
302692
952575
106100
873325
013056
676378
460643
689045
784526
443911
684831
321130
641649
065079
255811
681379
100252
898356
706582
369731
722001
385948
048798
527854
955169
489416
150731
997510
181521
973141
712158
318736
817723
714305
351957
727386
462630
062034
586386
483257
234501
219627
576552
825491
144282
093078
615589
810107
866743
609479
982768
984500
306872
000365
841893
735386
769304
334969
930875
594318
248196
255212
025957
102604
054985
558100
495719
757437
789786
443527
692107
270208
073408
345696
186786
093644
160769
890167
099057
511311
211833
878312
894139
050762
776467
138317
261346
898254
229274
199748
953116
832249
040853
123458
019488
710643
492883
165912
674178
488037
200269
362675
567916
151515
586399
728635
628298
791680
599025
193810
860945
477768
749312
816608
394441
380697
070269
592200
318993
100522
354855
811457
819786
755591
499608
926592
014316
423680
410834
140866
564432
559916
006743
765713
213965
652634
977068
331757
531820
056717
619799
693325
494613
714597
008921
980757
846691
863562
639188
846456
396960
859586
583518
235186
425248
115431
871305
451667
474370
776924
725641
787296
616443
595962
226423
359249
108799
951685
447629
703541
125322
103907
459626
588476
298802
865598
784347
595245
540247
292248
452781
707066
030267
601263
106566
125756
392072
428266
526944
584110
374154
958394
639363
621015
954965
787740
202721
715843
467170
222145
610993
797210
174308
994206
470029
092817
208244
572676
523416
926597
467877
542397
890460
722499
676536
893101
572703
916560
401337
914231
975941
678273
872203
731127
128332
760563
277894
107803
894531
512525
207123
866266
648132
152289
932713
504792
261080
638981
728672
973601
121882
187885
298087
976998
023719
881913
337498
185121
027489
350362
037104
198794
643367
974016
688900
938326
795708
626903
270414
076276
706664
435923
568211
636297
419531
866753
597180
746041
457816
580168
929035
135697
864892
694246
583977
222689
657958
331699
035091
557864
046771
589739
752374
020439
637425
411924
083968
550380
471115
558153
167570
140707
365245
741676
879663
578400
476489
830525
575447
201433
860562
685001
776738
256543
662654
803097
459459
029412
888223
249189
963567
052610
325817
371278
746201
962518
921376
000372
409672
890046
271352
752620
223570
402431
080986
608701
383675
334795
487879
678320
901592
573249
313783
696461
243249
575351
390808
260909
343197
345135
171708
398030
776003
840356
888473
985661
936048
398032
048228
233714
753224
693668
191457
937280
067475
132883
959013
536044
157744
045160
344422
537518
384313
509024
881411
293680
020079
292179
642312
892333
335319
231253
063198
279885
080298
183196
397232
954860
699515
655597
401348
098317
630854
838014
825561
437931
712897
370933
897705
517634
595878
403281
002930
490332
032832
242935
610046
613918
304183
518017
174364
977006
139937
630362
725571
936787
861931
347770
627298
340528
576065
004254
979625
059496
540790
475266
478947
484865
171625
584447
508915
280185
864564
872757
212872
664292
508839
994815
967929
778742
344860
872777
612143
454042
435497
592658
684107
308004
393774
146858
804056
438776
976625
859565
373520
361347
534199
801948
459126
226255
889731
585242
934995
990646
676877
276290
600951
320454
361417
938978
935935
677614
235523
471775
473803
683144
221421
475522
734672
834556
009793
114680
637689
244188
001292
737030
152929
656323
841069
858358
540500
213779
932427
564868
692163
899423
440300
669492
935037
588098
747706
810302
610558
398390
324963
301190
474132
377001
246869
779630
649168
803415
737598
190314
392911
236662
613149
513519
160152
286135
383520
889337
483296
077492
600898
952189
455546
809159
063899
320116
032814
963927
942194
760074
620817
341300
839469
856481
807996
647557
841036
707628
455797
667736
046932
782900
587930
122265
968970
391237
272549
615834
407089
689481
994251
850162
685214
699278
140171
892443
685175
547637
766151
153286
647450
247110
530498
642378
543816
600141
892627
937834
204057
524556
622339
878447
749385
137822
477289
947142
424468
690732
901613
015157
001650
014298
526128
514735
457458
664084
238084
532662
912409
205426
047214
301534
111506
338257
670488
719090
923443
204411
178316
230839
381405
858992
177774
647977
558550
769810
764652
252551
565192
968976
598481
395470
273627
342904
580953
203469
449045
923992
462569
589843
861817
162003
934342
947085
341030
625507
656690
750643
762351
059880
554119
288433
652992
136172
243271
834793
999138
483277
246050
363515
136080
050358
002061
047159
332549
741653
947601
025584
600588
830354
418288
127835
169153
308353
976553
927700
019314
667262
260046
052480
841107
568237
036906
558151
810833
673272
157818
222890
827776
490569
355863
623773
065287
457195
216599
689746
020013
903885
395501
759791
042595
375154
541545
965097
002470
430657
393811
343755
208996
859547
126008
705684
862262
788864
851770
643922
826312
181553
170684
873273
839588
856143
051964
575668
758400
416633
592673
245326
022937
613886
517571
293245
226244
646898
321864
180067
015919
165076
420256
260351
923487
741732
718250
648106
452774
769407
957858
455622
585887
607545
619589
273081
494954
414967
883703
751734
260782
648691
895358
507364
059040
697740
608608
158198
930294
201948
308800
089946
658920
070022
614537
712675
121532
451424
043409
920045
239408
671891
296884
889158
665240
826587
032191
191350
870034
214786
482185
068087
919372
154834
725105
412272
756410
477060
076758
535786
704581
869732
200838
967582
892915
249782
803938
988351
008213
443817
307614
275808
929425
704855
860997
973235
450185
584402
372350
945254
568424
021809
325873
148081
725412
274971
597959
872905
043014
919149
979655
580845
802577
415616
869527
242225
076449
385248
670764
792664
245155
414412
152132
651371
062599
179107
283160
026330
870634
334468
236309
832382
795470
556818
934818
162376
860287
076101
851631
963406
399178
537549
839465
083907
605869
005116
778965
561597
785746
202756
122179
287539
679986
547315
571074
618360
581934
355867
100020
294587
974306
416393
813878
827722
789796
272966
236548
669176
147442
253928
414005
951782
566956
451101
110540
498627
961348
563064
649480
118459
141803
761524
103052
557765
102693
276689
746641
355205
716982
416304
691174
020075
190487
822500
617854
660176
830960
777527
676681
525362
320198
842396
861974
043624
294248
271193
767618
096428
038151
478862
219825
919986
041584
085739
187012
241900
455114
327394
538947
993892
300696
920411
543581
055672
390287
232421
558605
689093
858466
978498
633344
785995
847221
984481
193507
489706
835656
130505
909034
324569
839161
544859
258995
095695
729411
430202
033403
728123
762141
423730
952266
114668
681857
803584
120718
721173
987830
559261
226115
519643
709773
876599
473312
466093
575872
076985
924567
563068
323249
091537
954529
534512
678709
363038
303315
941297
563734
055493
086571
832988
786968
007533
651598
640196
950892
125778
964576
953317
135204
015499
154343
596894
486647
090765
415446
308799
078750
992431
537928
793686
499798
043967
200922
962608
353393
830147
281490
900819
702074
118750
173009
702198
827406
041098
406282
875357
734628
519954
711214
154948
143495
680793
267169
532378
881549
617610
069187
185209
199537
247025
378626
099259
374931
570821
397021
666410
527028
682509
165850
477250
150392
570044
492397
498334
094371
073895
482798
634559
084761
928237
203344
728843
879134
605250
977871
478300
237785
171749
807931
885739
877649
572898
477879
112784
680609
855975
510576
507318
049696
489838
789920
170148
541288
719665
028444
021864
413060
263990
783962
708178
363075
902718
221233
592309
844116
642882
630036
088548
009971
364097
912391
062980
922040
292717
190928
809590
449924
066118
429484
145890
277790
440093
758730
769835
172365
351946
428995
401382
544797
555644
814551
871073
153890
215389
085818
041534
855993
335883
948277
773806
656819
318013
193647
354699
024380
086266
065103
565736
435067
046687
504423
030603
119827
162668
265185
789710
135046
098556
835666
916362
922054
555379
232365
920623
812756
738823
276800
716240
709220
387977
216466
790498
978055
979963
722778
818558
311548
845212
422041
334010
562455
784474
987220
727259
409909
905395
626295
848527
264110
225651
382681
000432
508565
946956
291394
741201
805214
385101
594412
439121
994383
632502
294579
340689
262331
320091
531138
320769
114818
773777
894992
078918
411317
034713
683744
345159
710490
216774
713582
803574
280613
174708
824609
895454
907628
813928
061103
555887
932487
388675
117345
362003
424781
669960
308209
978113
302038
917771
418628
413538
452555
576715
521087
893125
192212
077443
256397
235347
283935
664249
959956
786941
672497
102833
057979
741387
208608
975652
950137
760574
503224
818233
322276
656953
670790
328529
997742
954151
487212
246756
463695
161262
672685
952354
725274
378230
688285
306283
704782
309137
583865
713495
575368
212479
496682
845118
657914
864666
497096
811195
449155
047376
806521
719275
259987
286550
696711
950528
264552
231120
335003
272031
073015
175796
513020
020191
308454
209280
697702
705709
520293
177490
905971
374353
578310
566281
442999
300691
616051
510770
593072
907059
815146
914250
735426
014492
314745
057957
820421
241133
117992
706707
820483
030444
082315
956250
929491
981787
278774
661883
276802
481587
949992
165260
797303
873035
002228
736528
075575
003108
893185
563479
123309
477236
664969
834980
713892
685221
533626
677818
027368
840757
303928
120685
514118
672553
064627
051672
612077
105245
544961
724404
380719
436734
411502
803028
705393
625866
464471
653086
139787
473906
637176
457412
691642
909792
461652
012527
260656
887702
898735
336448
682230
390190
361029
158929
095459
768684
674699
270076
204497
946721
241790
567456
676264
365320
675959
758334
674329
234630
000436
643047
430505
212412
074940
125674
511153
585435
254873
372077
345219
299583
064782
038281
003491
580687
871931
135613
349183
346141
716453
923336
372741
894794
790815
089970
565749
231666
220903
476235
939527
397030
084967
250592
489144
631440
824638
886264
818292
007796
103230
329920
033287
754147
769926
787105
284600
046827
058855
131822
496122
744952
569520
154838
583479
753310
802920
050710
268125
290572
505923
381845
446726
370596
609428
332011
807512
100245
491761
862684
793287
951149
235869
854846
820850
989216
750555
066160
698804
378545
989522
209625
795790
379055
319371
090591
998339
546913
628183
679712
423036
923495
541476
501656
098280
358940
922867
610391
737093
061175
550809
916410
933206
261342
601209
835930
148507
340620
645095
781593
453417
437730
884640
898989
068786
689685
697529
784895
809660
037458
039380
830913
301112
432720
085713
385757
643401
327738
153320
753018
230037
763392
455940
474183
021662
370486
526344
635945
641203
700752
956210
945742
134312
485676
323009
623802
830100
660340
757628
025491
870475
423316
338991
006859
523917
290557
109274
502324
655974
774707
225099
586244
541401
021608
141799
999183
491854
627423
067199
671345
533714
554664
779759
215113
014774
486529
304310
791256
424185
901702
618034
125378
523545
490827
415390
092089
900565
501676
627649
743486
414106
311648
079252
821716
243392
691302
317389
491517
078540
442361
221893
703028
485882
371894
754648
012528
412247
097229
506066
129531
316045
595510
873420
296423
303911
893612
457550
343202
868683
390974
769381
545401
759058
487999
591251
410395
168951
603051
551142
871967
361840
693035
924821
065195
961498
641972
813227
849649
439339
181790
018810
576495
755514
037731
761894
821405
529443
389367
111085
900783
735683
196802
738542
368081
073022
999046
604279
597642
392249
137922
420584
287758
221365
321680
063063
767369
486947
509778
315762
731486
800941
555411
398574
154522
956228
054399
106023
671832
728180
308585
098738
783733
008097
640127
004262
711646
248703
974254
935834
397381
191097
012975
620297
813828
214312
287561
550118
021012
103061
434012
541000
686889
387309
091704
680327
469409
905480
577311
031684
315152
792296
379065
088580
371127
484946
875305
934908
693027
333679
924375
184737
181617
591932
761730
522297
553180
653812
786055
268143
648168
508964
540056
542428
777167
628970
778335
694297
096051
405270
770135
829481
977612
831076
067645
085711
892831
785957
428983
433812
262950
969126
278992
919862
616413
490714
125404
338412
177950
589113
031805
424289
072152
592668
449016
306206
321567
489104
839626
983797
215000
713679
852463
412068
306702
070124
578104
933671
013487
634013
405070
362956
406168
330780
925996
965981
309791
441672
608024
775580
182019
376973
438604
769550
461246
715711
985356
215556
138998
323252
153398
392317
571116
463438
576133
892707
559202
313790
897257
449559
924864
144430
192026
148637
483446
408601
478225
173317
259179
393462
575848
453884
709173
847276
854189
539031
822249
207979
749094
626136
914659
086597
924202
744981
135447
270785
611274
081279
494573
473211
202812
786782
431287
436927
978935
045731
570535
384864
750733
938371
337757
369417
125418
253398
365973
540897
532687
958013
620864
294967
010651
263370
316556
348226
863590
968062
969687
294076
888984
930170
112602
930974
530911
076137
282377
193486
434249
607114
697427
945346
539221
607117
210124
593315
832301
738731
618747
925693
522216
945414
480754
680116
840397
030297
685264
989540
278366
552746
514425
998273
148473
196504
827115
042789
253925
595747
672570
007323
590218
520695
087503
998586
387530
857152
862101
627434
526125
301580
391847
055041
480077
917262
569072
891523
811489
274918
344810
832972
633047
249667
040359
502057
852494
156964
963540
549529
216824
295929
791739
288194
470039
748482
201126
878852
784906
103240
128688
518529
814170
962243
716929
096868
104935
134963
015863
392046
074210
700993
874640
710752
853179
373490
809432
769984
733676
271263
179183
237578
678270
473173
157494
520381
802470
697350
431903
203205
523331
594893
024441
823335
565012
098124
206206
320115
539314
307924
845913
220946
718824
387189
901949
538656
042321
511048
185106
294876
621448
507775
247407
622610
091012
149825
026379
268767
434946
506444
264126
130591
624544
724861
417699
056644
359706
854131
497771
106296
908153
990516
941850
042095
163047
717326
455746
921820
841027
407167
612850
450308
029217
655850
987669
886522
511950
405739
234410
405856
828225
266261
888183
132752
939506
724693
908941
051906
540778
478268
536520
382955
901687
477100
147837
418501
692392
294918
912597
679709
857114
241562
043313
131636
419356
635894
664163
129561
385701
760543
989885
899926
075351
416233
615484
111045
372464
184948
126620
746767
930011
430133
764806
014422
313423
274431
755629
983131
418982
257263
078162
617391
234576
362117
045787
773408
498352
592483
984781
830491
896033
134074
217809
486144
939098
272275
925501
564810
496332
988784
988788
595754
172996
899928
000287
189072
961708
935035
903173
891299
584617
951145
166899
536248
259673
447456
078930
324526
019149
302950
216586
724714
542648
748630
739503
176902
927059
033821
245788
225344
103087
204864
833757
751531
002427
128626
041247
515630
764663
209440
655797
202234
209926
744406
488964
984792
189161
162835
201991
634916
524852
547996
001375
210193
474841
242920
533518
068515
916488
047154
747998
201002
949099
629562
746423
135773
876433
570613
287022
215438
041147
779218
493846
924501
900755
466935
416672
814761
424641
440109
777642
993678
154387
461069
530811
096616
588104
709162
898175
116785
091292
747521
824024
105075
145096
090501
846359
560190
399424
092999
642351
713380
717649
976622
243652
899263
935642
944983
941329
947729
054141
167459
599624
181775
511163
492864
356232
377394
112469
271746
555835
570734
330173
926129
438112
641313
146655
504159
414471
360620
392947
699457
860201
078542
524073
711114
887790
440611
809569
916235
458314
167743
203132
211162
515317
861245
688501
923206
248753
280005
118878
520803
752099
123535
586263
789700
030053
938647
284696
594153
741605
745075
717214
844632
277018
142543
569435
290684
650828
623238
413829
179513
103786
247112
993888
996839
674405
496947
928019
759220
212411
578436
673781
602703
344445
432892
781511
659432
602682
944175
935982
118400
452372
462135
665334
334884
877771
249663
553351
471227
539557
910769
664856
887792
359115
068481
339950
172738
785013
762574
494136
581227
111574
325854
240068
136758
697221
579114
060255
893447
723025
822061
368972
076404
304516
755398
134591
348834
242962
345029
336353
800612
796189
153658
049690
305923
148278
330852
988775
592201
083535
099383
384967
494298
783446
453598
740394
946035
787108
836870
267021
228792
562472
446578
849981
273791
775155
000279
544294
809909
955131
756251
509131
255133
105846
958848
810033
735033
110561
064811
249602
311954
192999
784348
013020
838597
869417
606201
532550
446015
368004
209484
190001
189580
632597
767632
345622
357164
092569
800838
147694
541955
620511
587904
455134
677450
687885
846817
230456
911949
813423
595322
067256
875924
925572
003828
798098
254090
199357
008519
899171
911406
936811
671231
673260
555223
095832
319227
890425
832727
929833
570319
618438
861626
797360
582359
499770
081049
523810
936962
846155
053960
411499
679841
245861
649683
203811
172921
571506
754220
641823
040436
733765
657478
661890
404496
465190
669988
103991
925644
047408
470347
292246
567482
360475
830180
467222
070437
301424
585921
084113
606264
268043
230948
204606
093035
517338
146795
633498
391877
006004
553321
674122
912572
104135
332236
440187
188774
006240
042535
588464
158874
356593
029842
670489
285348
663863
139144
605725
335158
509952
653809
358285
417051
905392
585507
310011
841005
599146
875358
521348
698041
854563
205793
415889
213297
996718
176954
830761
912144
526674
081365
252642
789341
141892
928413
796090
969633
794081
968436
856527
343678
839179
430791
603704
500629
645361
971727
123708
981321
191258
945206
944441
094380
361856
476520
732236
422723
817258
477052
802677
606937
330695
810379
634598
902776
631272
257054
787653
230164
673638
267142
460610
496833
804582
287601
686088
865568
574869
290152
559109
395382
032489
733108
665830
360213
040327
436477
070465
590857
727290
873871
041001
491327
698037
099194
033168
413166
161651
269648
073218
732432
127723
518843
052791
915880
119712
983876
741403
621988
009807
920505
302336
930224
994798
594777
485073
665984
496229
958741
108651
307224
716066
535169
289606
971588
338383
926530
704958
997965
180996
952011
941266
839353
618542
176595
838994
288353
525763
085680
374343
459246
055228
067648
887242
277843
959674
724589
289274
435921
494091
962132
491725
301940
167064
779138
555580
885275
442546
971520
477164
744249
839243
590024
793115
302487
973023
052387
408606
560937
761623
753358
762473
286697
018547
693403
976408
374671
089743
342581
331900
093527
930966
520542
049447
468615
781189
035361
834034
209442
688353
077047
791686
567197
604516
286765
057923
352103
374971
817710
134792
170069
068988
085540
974524
444243
339890
215971
797183
356276
438671
635567
014798
194896
588632
753741
988017
000278
469586
471580
462669
939378
243736
648776
922823
562040
623255
082399
481900
562913
594998
437103
155254
313272
696128
004931
770922
187342
871744
690340
725408
242530
629502
230853
633470
277907
735618
986379
525833
512704
630487
612758
456118
934495
368831
740992
032696
811542
811280
570845
586837
077101
769942
966946
389638
939565
213095
571993
574142
613402
011911
928408
805733
597633
879438
259604
001849
035494
922649
614236
835634
526606
103233
027612
933649
344393
115767
625838
993444
121390
564574
945477
417504
065749
298302
523564
837644
437219
015402
389464
886321
589992
070576
940159
975592
485696
868756
049232
491325
389099
408337
671896
373459
651076
807830
093327
515853
625348
832980
065485
596375
733156
531243
374099
052681
818614
191362
164510
949885
647681
039370
910071
287154
313675
938905
931791
594994
969173
207425
423305
162342
680632
353708
392063
436060
559190
878229
942255
550617
897560
495395
241862
107529
338610
556979
242044
109143
807493
935247
154945
403821
567663
020177
911546
795724
199614
254940
684749
478576
170365
976247
078708
631574
806153
376087
308691
645184
699134
635238
526330
751940
858753
075456
267174
704047
988766
237962
079616
410204
520101
602698
918632
726357
606800
846897
892005
364513
401221
666678
848913
174338
474186
557383
213650
340978
024279
052906
817886
519891
408743
712923
734599
076795
299150
047073
942723
058042
485057
066236
395049
244182
003392
999484
298416
221840
054840
257543
627459
611802
283942
558161
043340
182882
429460
885826
889347
063256
373452
112950
937704
413520
694182
150410
936191
189287
517130
267280
410756
564939
459292
948787
044686
402819
812947
578465
262107
455170
937901
292161
395399
700948
289869
363346
326454
707118
219302
567595
925047
794384
569799
534281
777500
300062
198624
593070
662165
756701
247355
163435
702564
776824
854183
302966
893071
515649
304373
173881
135617
365825
086472
657883
463845
622192
233578
352748
237996
164433
064903
080940
825431
923272
332125
516166
423450
753661
938762
330402
050890
439721
353228
289313
396392
151227
677183
479376
497611
426869
643066
674608
096895
889222
378846
719247
561481
906062
389825
417736
926100
711492
848239
013783
716554
773378
953031
998204
173187
202412
553913
144861
093018
466410
677530
437971
832926
847352
208927
451520
939867
170018
843460
216938
385087
992213
739314
237759
122995
635535
038824
786359
746279
573860
416088
231676
764075
024481
708128
954058
752310
556257
453535
093559
821049
726441
963186
103214
320064
086070
975689
906384
805082
164582
823092
075637
746847
891898
246290
290583
346846
257238
822137
670945
154200
254259
289847
567835
558195
957619
373465
785412
748411
319144
607453
852664
704596
482964
567322
190998
941526
283177
445642
809820
544110
255490
358423
637652
965986
274789
144355
298902
921800
496764
134752
749694
229537
395206
632678
896828
405406
631339
415629
945303
731768
564014
482716
864372
150611
387370
177508
896625
746334
946942
617952
291413
602586
969205
359564
992572
579534
992995
139111
346805
481745
213737
694345
920735
349047
055910
502513
410108
133844
437285
023787
460970
345806
963378
025009
271181
596161
503005
267576
197420
530297
075856
089922
452248
722754
719455
537279
906738
870816
687368
868907
863940
785507
510300
529276
776809
830786
789165
738920
746178
409137
559885
006972
637722
184077
559088
076703
379542
213243
574391
277564
202091
179099
913539
504033
137823
593415
834775
528338
244286
000230
418936
721545
764782
344452
584300
814243
389964
060875
209087
043972
790626
919660
089458
404102
335489
526268
649382
088358
693245
129609
598545
663561
097899
447505
385308
874882
785035
650857
465558
647010
321081
010517
099560
175613
429463
461676
396470
518068
208159
673955
968230
275270
115534
683491
390142
126048
123448
972986
269064
795387
296887
258053
434095
338828
205045
056747
163397
186830
399544
877673
735737
775396
962143
279617
054152
196339
408556
512402
383468
999619
586117
635372
403057
949437
738661
896984
689460
502239
002063
361233
079720
759863
705441
257010
718661
656349
289165
549213
273193
540927
042847
858279
149941
207170
693942
857997
530851
862063
231774
089189
802533
230806
614768
904477
615693
842621
753031
036037
028389
816867
106906
782785
792037
063512
606621
837797
929558
634526
100116
492542
852788
236854
600503
253848
827533
630555
393990
762531
675052
605312
565253
550453
319124
956416
107076
968088
959748
100403
148325
945484
764569
703749
864022
383403
113252
183752
450706
090635
743392
707389
591415
150618
308954
927228
400984
946232
697011
765337
349439
498738
923468
757502
374202
665535
620560
367241
061686
009202
838244
663656
900805
448647
340541
479995
048247
835548
164588
252435
983913
382477
042045
751336
928158
494655
192631
746600
856914
559763
481660
890040
780258
363382
238916
923181
958244
954532
279894
729330
428371
099755
013195
426946
815335
613137
564767
082085
283752
174027
575612
528964
562744
173411
817344
639040
489137
173971
218382
333493
250971
182266
704384
714279
751744
157333
196638
827051
085868
571678
966075
153377
586738
741811
417376
000309
294624
371224
283381
983865
997914
029202
860960
921341
372695
233667
664739
074493
374760
962789
885455
945561
694440
988744
062505
520555
343771
877067
301874
949510
308912
536227
881814
580963
609519
941414
108601
647579
992105
824053
953527
567527
964164
542851
071637
010376
572012
432241
078267
623865
822854
401766
864306
441383
830941
531627
662886
732448
678551
794663
886433
501336
210238
314201
874139
411686
356087
099136
697936
730632
519015
226049
131396
684073
442290
460679
877398
417603
407704
405336
580374
552865
434582
443076
441684
186262
374742
421997
388381
794397
466734
149214
829646
301663
244648
993785
912459
016990
760999
915529
789440
625306
217172
369744
594316
752793
062864
825963
002865
133663
255158
316291
059505
940042
005079
810488
751483
918283
632576
418746
163805
822259
871781
322892
895723
533863
211374
315422
611356
253294
010673
819019
965812
824006
053118
447100
277363
147990
050534
117207
543750
770512
075792
178824
389619
013228
331228
960792
040622
746038
140740
449735
313538
169931
345523
726856
696242
675850
185556
317487
720011
596422
346620
052413
551005
003589
298305
284999
103038
265233
482765
773104
923047
501711
413478
685754
932420
131010
490982
375796
119257
240486
656168
437758
253700
090626
210405
681828
901170
548047
455683
435737
087461
932350
313254
927410
495261
088361
861482
356602
103561
070964
074084
631188
251474
196652
028223
342159
049118
162796
230254
345248
093522
316498
944839
662639
481443
375483
380423
009693
957605
520366
177420
673006
451137
288980
162434
871822
716672
968136
777299
988501
692133
987172
642167
892327
376968
478027
336457
776512
267846
721234
139851
551983
838497
964087
245163
589562
911725
231971
796980
281261
245121
418419
969209
562323
726608
660214
982968
154289
524484
763052
990806
599241
512590
965657
127950
561896
050309
959349
931078
829096
161665
171300
876868
443361
013058
248673
147488
083042
732318
201969
075409
141361
330218
190637
754239
413324
543723
690668
071236
034106
440580
813976
335503
921446
629908
539871
050592
768178
408233
631929
443824
481171
797505
951697
038010
071046
047487
467495
021739
026737
883741
737590
530694
801147
712721
088388
739164
907342
851830
750003
292322
769070
454731
792475
597834
041726
746824
402102
836403
373536
348176
908804
235215
653481
443744
803252
306529
311009
760886
753502
922334
357416
243154
393437
339248
263149
329523
443639
992053
215728
388403
358880
567087
385464
856192
769422
402648
408880
055636
296846
265963
860508
216595
966152
818423
251756
473409
728332
240212
602051
755457
540550
913943
125236
725713
144998
459385
657795
739052
667077
996311
460040
004082
964304
932270
757269
170545
664776
382773
176926
565344
618384
189196
839459
771872
111082
957016
718957
498259
226316
951385
131980
624166
727663
261773
620103
471150
299736
330359
381182
275810
111189
127412
958335
786530
049639
066710
735262
522096
874146
225062
615043
197841
646192
040877
755329
096554
286038
599692
687440
299100
464756
758518
963108
920964
579766
419561
316160
384094
069481
896881
959727
756304
275559
034204
640659
042940
731972
261798
939422
156614
727328
562958
969015
616597
448645
721318
206844
582192
347334
566778
992970
103224
662635
657640
633163
976529
359518
746726
981031
203455
923290
490072
326091
320537
247597
088031
911154
278845
973186
152835
837686
435021
992090
000866
159019
020577
742991
919140
484848
608006
300834
161372
331480
595238
075468
998536
466392
765141
370352
603207
220665
221950
725936
031363
891537
843964
372827
067543
831284
007724
859897
636228
096680
132570
818563
934351
823861
378040
735142
584630
489279
752390
152416
704593
602222
610635
179689
470804
618814
690672
843253
905727
214647
608722
413402
581669
898456
345449
176310
860382
305274
754489
350007
616867
320620
150937
905498
614203
091280
460952
628119
207262
821304
717935
927191
879021
140970
571056
663095
950177
834145
059364
891513
869857
326329
005384
077914
263322
399783
322501
186677
654893
309730
924733
508143
313837
241722
359220
048501
680677
823062
648434
449494
579735
037865
129112
367300
751661
682879
892395
486521
011967
524828
990589
535647
839007
321390
600204
148717
233928
244889
687565
313308
243261
355676
622314
463575
593720
609412
353416
624662
624483
050978
580875
731834
215279
629312
990785
271892
229308
830722
786663
550677
389542
198041
300144
443702
197299
529634
464827
714250
592923
835155
488407
870787
824797
979365
608418
793940
308146
673756
591590
559185
718809
245725
945811
807538
886454
759206
033590
199945
127250
487729
330353
556105
587884
727648
230033
937919
452807
284974
879777
319003
478982
466438
994924
292840
087257
462476
946542
266702
924574
787000
742346
489377
235752
874802
939385
365083
043832
395365
203985
540218
079494
804097
859391
465192
816524
126377
664886
411235
084294
037593
860877
102088
604464
302108
099144
883720
030505
763679
191407
735046
647508
669936
130638
700777
461231
347013
461122
233629
788156
028999
382550
102995
801369
320878
783027
221817
373880
036825
801648
273357
391746
892912
904426
344592
462160
094430
256746
367472
888522
447474
037670
925195
077947
095960
571011
349929
295389
459042
537095
779712
932846
278928
765643
537439
332615
360206
843814
411990
429300
160846
335467
857958
980224
037955
455667
404446
209057
298632
435277
743828
267355
656311
107825
849707
960741
360516
131355
439219
064541
347802
025080
814912
584636
398941
849898
459389
714950
651597
167007
712369
652481
137297
460722
016344
545389
950861
582097
685903
741517
187276
958612
234201
483243
777187
117164
456385
947605
311789
307099
370342
795984
080354
444105
674422
409046
208829
029224
224917
253687
940044
832313
017530
652205
592435
275222
894488
408124
289218
352993
373559
691973
756936
075769
242441
311375
972586
166729
457951
940185
773655
205636
852409
998497
413909
947733
927931
902613
358832
902304
348549
617767
254126
671563
752354
999814
144416
703407
661548
579403
777078
676712
381674
321934