274828
023772
023925
982448
938810
111404
915876
541121
750685
015566
405727
858175
392966
700848
056624
738452
630860
649935
318199
608114
372818
047961
361268
799638
186274
649977
178827
881182
546846
495926
377788
233663
493292
024894
240879
064812
944540
868839
889098
295153
266505
176653
174750
726199
272861
080407
261944
809300
826866
469316
400005
571167
322146
340719
293907
039819
595245
157854
885871
570771
045322
952368
862567
398442
974558
703252
599943
241510
715111
702214
679967
924837
319083
233856
226639
999313
607989
557574
299763
397337
187469
654203
587385
223622
573536
718679
096434
545661
321954
292485
033360
411747
882835
046818
148681
430012
909402
298118
702631
757262
